20241224_144738.jpg 1.7604361363502052 -0.2240046919230193 -2.5574519278247796 28.617577590209958 115.95729593343957 391.7504191205338 
20241224_144744.jpg 1.6603742537587 -0.35313261312753275 -2.4842695857597223 41.58709651441744 126.10086487861984 421.70186397413084 
20241224_144747.jpg -1.777275714873484 0.2115522695926615 2.6396336988575912 37.725295868434074 55.73243454736405 421.993063464926 
20241224_144752.jpg 1.5756133621370914 -0.31810561875753113 -2.551515032109282 69.43183127622257 108.16618665955087 416.59904524304335 
20241224_144755.jpg -1.8056895876012788 0.14644383933839503 2.5320463097081736 15.744313635903397 100.33824180383067 411.57378345644685 
20241224_144758.jpg 1.6763491239269517 -0.34737168266595514 -2.4983995433316437 45.246529021213604 166.60299896864592 446.9889531248451 
20241224_144801.jpg -1.759739985279635 0.09190759224780308 2.581866341460114 40.785490539705 40.11757844255396 443.3957263590158 
20241224_144807.jpg -2.054001566315519 -0.10406508032593025 -2.4679134248954693 58.64508123238558 95.9309189161405 482.27453554625225 
20241224_144809.jpg 1.8947094588291253 0.30054766338608596 2.2880309440786566 61.598576400040805 180.98408149582278 473.3412471394355 
20241224_144816.jpg -1.808574403451476 0.1150353390245209 2.495629054510664 21.282231102271055 110.43785766801818 335.1035944806942 
20241224_144822.jpg -1.8200244385208129 -0.0248114870031761 2.3791033593742106 19.91753517224597 78.34061458953867 270.08575635908653 
20241224_144824.jpg 1.8290040022447278 -0.26651594904852477 -2.4257057982380643 20.47321648160519 74.3992349782842 247.66798566190695 
20241224_144840.jpg 2.0542216507665065 0.05689149226973571 2.333954838254867 26.092515101760853 72.79720291208216 228.12499204824496 
