20241224_144738.jpg 1324.0 1662.0 1189.5 1685.0 1318.3192138671875 1577.890869140625 1180.5 1598.5 
20241224_144744.jpg 1814.0 1672.5 1689.5 1676.0 1813.0 1592.5 1688.5 1595.5 
20241224_144747.jpg 1765.9598388671875 769.3919677734375 1641.5 768.5 1764.5 687.0 1638.0 687.0 
20241224_144752.jpg 3140.5 1444.0 3015.705810546875 1446.6766357421875 3140.539306640625 1365.3699951171875 3013.0 1364.5 
20241224_144755.jpg 689.0 1388.0 559.0 1413.5 677.5 1309.5 545.0 1332.5 
20241224_144758.jpg 1808.5 2078.0 1692.0 2092.0 1803.5 1998.5 1687.0 2011.5 
20241224_144801.jpg 1846.0 531.0 1731.0 539.5 1840.5 453.5 1724.0 460.5 
20241224_144807.jpg 2335.5 1126.5 2231.5 1118.5 2340.0 1059.5 2236.5 1051.0 
20241224_144809.jpg 2357.5 2126.0 2249.0 2114.0 2361.0 2051.0 2251.0 2040.5 
20241224_144816.jpg 1114.5 1847.0 974.0 1896.0 1097.0 1749.0 954.5 1795.0 
20241224_144822.jpg 1342.0 1629.5 1211.139404296875 1708.3992919921875 1317.0 1516.5 1181.5 1587.0 
20241224_144824.jpg 1506.0 1683.0 1358.5 1707.0 1503.0 1550.0 1355.5 1565.5 
20241224_144840.jpg 2100.0 1778.5 1933.0 1725.0 2118.0 1633.0 1951.0 1586.5 
