20241228_131601.jpg -1.0176328147429152 -0.7653532007886652 1.4705019738169114 54.19434249615625 126.58614249682061 410.4672283446391 
20241228_131603.jpg -1.0142903622405748 -0.7836408060091689 1.454889992548253 46.35879324417562 126.80193673430024 407.9074612308129 
20241228_131605.jpg -1.0075187553691305 -0.8048613507680713 1.4251728111609212 35.85914408797414 126.26124093618031 399.85625899125307 
20241228_131607.jpg -1.007883044480748 -0.8269318527734205 1.4001220284840732 25.434539289034493 123.4374848988876 384.77606085479874 
20241228_131610.jpg -1.0210194422427903 -0.7535101148905562 1.4750302366657442 56.62988455503999 127.47086232636941 412.57141396931956 
20241228_131613.jpg -1.002893211967975 -0.6858464468633177 1.5219878958487327 75.30382343778051 126.38703026159264 409.7824531225295 
20241228_131618.jpg -1.00595303493546 -0.7793396442550716 1.4560866443768148 51.76035373743365 122.08264102516353 413.94818392159 
20241228_131632.jpg 0.9036271255917997 1.1660819228534158 1.2229161247347005 56.358114494224395 113.61402906009678 373.9439899022117 
20241228_131634.jpg 0.9465311027646671 1.156607281625534 1.2469309177023398 66.06999947876929 110.41344012459629 370.6588216433555 
20241228_131635.jpg 0.965855464051607 1.160812144297434 1.2549588818943027 73.07368523783482 108.31821890803401 362.87274518407077 
20241228_131636.jpg 0.9977781665571117 1.1517787104200612 1.28099001684443 79.630178442309 104.1672941652296 348.7819599182 
20241228_131638.jpg 0.889230767371252 1.1570660076303465 1.2413794215034069 49.452952564338624 108.17069436763566 376.24085599680814 
20241228_131640.jpg 0.8090594993321529 1.143037160207952 1.2278712255239312 34.35285203549432 106.42315363974717 367.7436677653298 
20241228_131641.jpg 0.7219214098340336 1.1129141762140302 1.211323489915712 17.861559803817492 102.40629305835182 349.7194721392124 
20241228_131647.jpg -0.9284071399512195 -0.7548241546918787 1.47552481258848 53.01677184129129 44.326490021892965 419.96397147333175 
20241228_131648.jpg 0.8689955551392998 1.1171414539932756 1.2206804450933428 55.22847314897422 76.28782055171975 437.5607973896945 
20241228_131649.jpg 0.8108675802434279 1.1603502855169974 1.1825449724401922 54.854737212498655 103.89102283630943 433.6599808664198 
