20241228_131601.jpg 1968.0 1786.0 1976.0 1919.0 1901.5 1797.5 1908.0 1931.0 
20241228_131603.jpg 1695.0 1801.0 1702.0 1934.5 1626.5 1815.0 1633.0 1947.5 
20241228_131605.jpg 1335.794677734375 1831.451171875 1347.7042236328125 1964.6959228515625 1262.57080078125 1847.3685302734375 1275.3643798828125 1982.6378173828125 
20241228_131607.jpg 984.5199584960938 1862.6494140625 996.3529663085938 1998.3017578125 907.4857177734375 1880.4705810546875 921.2379150390625 2020.984130859375 
20241228_131610.jpg 2047.0 1790.0 2055.5 1920.0 1980.0 1800.5 1987.5 1933.0 
20241228_131613.jpg 2734.62548828125 1784.439453125 2743.7763671875 1915.7579345703125 2664.5 1789.0 2672.5 1924.5 
20241228_131618.jpg 1867.5 1710.0 1873.5 1839.5 1798.5 1720.5 1807.0 1851.5 
20241228_131632.jpg 2247.0 1759.5 2238.5 1903.5 2162.5 1747.5 2153.5 1890.0 
20241228_131634.jpg 2655.5 1723.5 2644.0 1867.0 2567.0 1707.5 2556.5 1850.0 
20241228_131635.jpg 2996.19091796875 1725.8082275390625 2984.0 1871.5 2904.06591796875 1709.16455078125 2892.5 1852.5 
20241228_131636.jpg 3395.329345703125 1724.4722900390625 3375.5439453125 1877.9456787109375 3295.5 1703.0 3275.57470703125 1851.781982421875 
20241228_131638.jpg 1961.1944580078125 1667.7376708984375 1949.5 1808.5 1879.0 1654.5 1865.5 1796.0 
20241228_131640.jpg 1396.5 1679.5 1384.813232421875 1826.4840087890625 1304.37060546875 1672.602294921875 1295.4940185546875 1818.2952880859375 
20241228_131641.jpg 763.0 1700.5 754.33935546875 1854.05859375 661.5 1698.0 655.0 1852.0 
20241228_131647.jpg 1899.7998046875 609.3643188476562 1903.68896484375 735.6740112304688 1820.0 607.0 1823.6021728515625 735.6304931640625 
20241228_131648.jpg 1897.48681640625 1010.5523681640625 1899.688232421875 1133.545166015625 1818.636962890625 1010.5833129882812 1818.340576171875 1131.3765869140625 
20241228_131649.jpg 1895.0 1389.5 1893.343017578125 1512.023193359375 1817.0 1390.5 1814.31005859375 1512.322509765625 
