20241228_013721.jpg -1.3586717226246317 -0.4387718751744778 1.573351733238058 22.06843964617628 106.18046590515867 101.11660431510009 
20241228_013724.jpg -1.4284257195305592 -0.22448261953307147 1.5951194477440767 29.332508879179805 171.77136348300277 128.96579330136865 
20241228_013727.jpg -1.4833986717260128 -0.20994430587908144 1.7544412613295486 23.410530210301328 142.22555841277912 109.74770985346457 
20241228_013733.jpg -1.520271260326603 -0.24648433919602494 1.8460377222939288 19.28702039773145 127.29926878029306 89.20912586284142 
20241228_013737.jpg -1.4643326516744402 -0.08638601833869086 1.7038939653078764 27.523173693561702 162.83473376892326 119.27262291509093 
20241228_013749.jpg 0.4536717780564853 1.5485128600650027 0.7835160085228154 17.350505967365287 77.062335897422 69.00661766622409 
20241228_013758.jpg 0.6893746222049454 1.5044185501561838 1.0642098634315456 14.832414867461347 95.10588321712788 68.08932337898729 
20241228_013802.jpg 0.8106494628843991 1.4878079783375575 1.1229166967047428 12.154791313784425 81.80179436172058 59.48357450814273 
20241228_013806.jpg 0.6771157295784149 1.5078633072340384 0.835116896561192 6.076800829366985 24.77451036517337 35.72448507883991 
20241228_013810.jpg 0.462113712278032 1.5301314579456593 1.0281422013458328 16.98721532709188 131.12001615263762 88.23498355529927 
20241228_013815.jpg 0.3829111568656073 1.6055841070864032 0.7709995458666314 16.983350215710008 107.19591058241569 74.00852291474628 
20241228_013819.jpg 0.6325235736539744 1.5382724847882416 1.0045348097896987 12.618009275310916 109.82853493603301 74.4472273445278 
20241228_013823.jpg 0.4151395719815056 1.6183141693147955 0.7412822999619446 13.511853634180177 100.86890879500501 70.25090727296657 
20241228_013827.jpg 0.7499993804057544 1.5458758896050517 0.8594961905070844 9.97860580668061 31.820490252272158 42.52567299782897 
