20241228_013721.jpg 3046.17529296875 1076.2030029296875 3325.076904296875 1252.6549072265625 2839.80810546875 1108.9598388671875 3104.447998046875 1294.4998779296875 
20241228_013724.jpg 3171.24365234375 1458.33642578125 3468.591064453125 1619.7137451171875 2952.208740234375 1483.56689453125 3227.833984375 1654.140869140625 
20241228_013727.jpg 2981.412841796875 1408.297607421875 3206.708984375 1602.85693359375 2734.983154296875 1419.235595703125 2934.95458984375 1620.937744140625 
20241228_013733.jpg 3027.959228515625 1584.330078125 3236.087158203125 1855.489013671875 2771.0654296875 1598.23974609375 2952.203369140625 1874.513427734375 
20241228_013737.jpg 3216.49560546875 1502.1568603515625 3499.267333984375 1689.4356689453125 2938.38525390625 1516.1734619140625 3183.9833984375 1707.9979248046875 
20241228_013749.jpg 3482.74609375 1168.453125 3561.67236328125 1451.588134765625 3124.700927734375 1154.99462890625 3143.6875 1427.1114501953125 
20241228_013758.jpg 3038.472900390625 1546.6312255859375 2848.878662109375 1838.683837890625 2695.9658203125 1456.2998046875 2470.595703125 1715.17724609375 
20241228_013802.jpg 2858.3681640625 1516.751708984375 2576.94189453125 1822.54736328125 2540.2080078125 1396.7117919921875 2242.183349609375 1664.573486328125 
20241228_013806.jpg 2410.5 599.5 2361.59814453125 1056.419677734375 2029.0 575.5 1933.0262451171875 1022.3163452148438 
20241228_013810.jpg 2708.80712890625 1669.4891357421875 2554.742431640625 1924.690673828125 2370.011962890625 1613.3836669921875 2168.560791015625 1845.0400390625 
20241228_013815.jpg 3202.353759765625 1617.8128662109375 3199.585693359375 1940.6436767578125 2867.069580078125 1590.0115966796875 2815.37109375 1896.9881591796875 
20241228_013819.jpg 2404.442138671875 1655.5938720703125 2207.261474609375 1942.309326171875 2132.446533203125 1572.963134765625 1906.0 1835.0 
20241228_013823.jpg 2707.669921875 1601.5140380859375 2650.650634765625 1937.007568359375 2421.2490234375 1570.389892578125 2329.516357421875 1893.763916015625 
20241228_013827.jpg 3272.70947265625 671.758544921875 3210.154296875 1052.59814453125 2941.980224609375 637.554931640625 2848.0 1003.0 
