20241228_131421.jpg 0.3197966575928692 1.0574203532152693 1.3711463116288722 143.89291888602688 160.30653811483626 497.200893856324 
20241228_131425.jpg -0.3680466950036049 -0.15358830612962426 1.654123334354548 165.63140949886994 157.78313327416495 502.22918172361244 
20241228_131433.jpg -0.30529674073808666 -0.15393995305038252 1.641028049089184 221.9333086579228 158.01892006312724 498.71192398916065 
20241228_131437.jpg -0.2939030063732301 -0.1933225800569847 1.616880290564588 253.34729242197318 159.7471434622186 505.0600934311828 
20241228_131447.jpg -0.3036552199294707 -0.2142864810216558 1.6298295876804825 288.3134485498476 161.36993792866951 516.5765198441806 
20241228_131458.jpg -0.3656581480122169 -0.15237987836785072 1.6463225134618316 160.36753653810788 150.92811318542687 482.0100619232081 
20241228_131503.jpg -0.35844671328219807 -0.16655553714878243 1.634170890302381 126.97852149942405 154.70701954709054 488.23713500699387 
20241228_131510.jpg -0.40144530377667415 -0.18350327989282697 1.6565852657489029 87.55334916265197 155.64716437747916 488.6031772890626 
20241228_131513.jpg 0.13474386308747038 0.845664279485075 1.4469225910249957 64.07697003970372 155.55534661345686 486.3696075543796 
20241228_131517.jpg -0.4489909916814754 -0.20901800209161878 1.6597451736349562 39.27407469917763 153.7617631688024 483.13731961425606 
20241228_131520.jpg 0.008517606164253332 0.7563427262711219 1.4882255684400432 20.10186459294512 149.43785967872603 474.3734582426604 
20241228_131524.jpg -0.45932293204314506 -0.2032612218001138 1.6506632563518573 49.694402793917135 151.54547115515112 486.47242424086005 
20241228_131527.jpg 0.18759374784955626 0.8739765111184037 1.4382035140746836 73.69698762468438 153.87321530378262 491.72724642471064 
20241228_131529.jpg -0.41251484801904 -0.18781186162856076 1.6497655034328231 94.89320043546363 152.04550811613788 490.6167913624278 
