20241228_131421.jpg 1848.96337890625 1822.7603759765625 1849.1961669921875 1928.5826416015625 1784.4339599609375 1822.2490234375 1783.9239501953125 1927.80810546875 
20241228_131425.jpg 2109.0 1774.5 2110.073974609375 1882.5584716796875 2045.0 1774.5 2040.5921630859375 1878.2958984375 
20241228_131433.jpg 2863.0 1802.5 2865.437744140625 1910.8350830078125 2794.5 1798.5 2797.0 1907.0 
20241228_131437.jpg 3244.424072265625 1810.633544921875 3250.0 1916.0 3178.43310546875 1809.592529296875 3181.514404296875 1914.14208984375 
20241228_131447.jpg 3639.116455078125 1803.671142578125 3646.448974609375 1909.91748046875 3577.459228515625 1800.725830078125 3581.1923828125 1908.4281005859375 
20241228_131458.jpg 2126.245849609375 1771.593017578125 2127.0 1880.5 2060.5 1768.5 2059.5 1878.5 
20241228_131503.jpg 1660.42529296875 1790.3250732421875 1659.0 1898.0 1593.380615234375 1790.589111328125 1591.5 1897.5 
20241228_131510.jpg 1143.225830078125 1798.7054443359375 1139.54541015625 1907.5023193359375 1075.16552734375 1797.622802734375 1070.365234375 1906.879150390625 
20241228_131513.jpg 839.5029296875 1806.809326171875 837.0511474609375 1916.37646484375 770.6647338867188 1806.3472900390625 765.0 1914.5 
20241228_131517.jpg 516.3848266601562 1799.39501953125 509.0 1908.5 446.2640380859375 1798.4549560546875 436.4456481933594 1906.1748046875 
20241228_131520.jpg 267.3684997558594 1782.359130859375 260.20281982421875 1893.4169921875 194.5390625 1781.421875 183.2058868408203 1890.3975830078125 
20241228_131524.jpg 650.3255615234375 1760.771484375 643.92041015625 1867.1571044921875 581.3242797851562 1760.470703125 577.0 1867.0 
20241228_131527.jpg 956.2020263671875 1767.9625244140625 952.4764404296875 1874.9930419921875 888.3714599609375 1766.7213134765625 882.4373168945312 1871.173583984375 
20241228_131529.jpg 1234.3182373046875 1750.246337890625 1231.743408203125 1857.3851318359375 1167.166259765625 1748.7862548828125 1163.6409912109375 1856.6466064453125 
